,predictions,true
0,-4.0,0.0
1,-4.0,0.0
2,-3.0,0.0
3,0.0,0.0
4,4.0,0.0
5,3.0,0.0
6,2.0,0.0
7,-5.0,0.0
8,9.0,0.0
9,-4.0,0.0
10,-1.0,0.0
11,-7.0,1.0
12,8.0,1.0
13,-2.0,0.0
14,16.0,1.0
15,14.0,1.0
16,17.0,1.0
17,-3.0,0.0
18,-12.0,1.0
19,-2.0,1.0
20,-4.0,0.0
21,-2.0,0.0
22,9.0,1.0
23,-7.0,0.0
24,-4.0,1.0
25,4.0,1.0
26,-1.0,1.0
27,-1.0,1.0
28,-2.0,0.0
29,3.0,0.0
30,4.0,1.0
31,-2.0,0.0
32,-2.0,1.0
33,-3.0,0.0
34,-5.0,0.0
35,-5.0,0.0
36,-5.0,0.0
37,-3.0,0.0
38,-6.0,0.0
39,-4.0,1.0
40,-4.0,0.0
41,6.0,0.0
42,-0.0,0.0
43,5.0,0.0
44,-7.0,0.0
45,-5.0,0.0
46,-6.0,0.0
47,-2.0,0.0
48,-7.0,0.0
49,-4.0,1.0
50,-4.0,0.0
51,2.0,1.0
52,-5.0,1.0
53,-5.0,0.0
54,3.0,0.0
55,-3.0,0.0
56,-4.0,0.0
57,-3.0,1.0
58,-2.0,0.0
59,-5.0,0.0
60,3.0,0.0
61,-3.0,0.0
62,-5.0,0.0
63,7.0,1.0
64,-11.0,1.0
65,-3.0,0.0
66,4.0,1.0
67,5.0,1.0
68,-4.0,1.0
69,-8.0,0.0
70,1.0,0.0
71,-13.0,0.0
72,-7.0,0.0
73,-2.0,1.0
74,-5.0,0.0
75,0.0,1.0
76,2.0,1.0
77,3.0,0.0
78,-7.0,0.0
79,-4.0,1.0
80,-2.0,0.0
81,10.0,1.0
82,-5.0,0.0
83,-4.0,0.0
84,-3.0,0.0
85,-4.0,0.0
86,2.0,0.0
87,-3.0,1.0
88,7.0,0.0
89,-4.0,0.0
90,-1.0,0.0
91,-2.0,1.0
92,-2.0,0.0
93,9.0,1.0
94,-3.0,0.0
95,0.0,0.0
96,2.0,0.0
97,-8.0,1.0
98,-6.0,1.0
99,-6.0,0.0
100,-4.0,0.0
101,2.0,0.0
102,1.0,0.0
103,7.0,0.0
104,-6.0,0.0
105,-0.0,0.0
106,-3.0,0.0
107,-1.0,0.0
108,-2.0,0.0
109,-6.0,0.0
110,-2.0,0.0
111,-3.0,0.0
112,3.0,0.0
113,3.0,0.0
114,0.0,0.0
115,-2.0,0.0
116,-6.0,0.0
117,4.0,0.0
118,2.0,0.0
119,1.0,1.0
120,6.0,1.0
121,-3.0,0.0
122,1.0,0.0
123,-3.0,0.0
124,-2.0,0.0
125,-1.0,0.0
126,-6.0,0.0
127,0.0,0.0
128,-0.0,0.0
129,-2.0,0.0
130,2.0,1.0
131,14.0,1.0
132,-2.0,1.0
133,-6.0,0.0
134,-7.0,0.0
135,-9.0,0.0
136,-4.0,0.0
137,-3.0,1.0
138,-4.0,0.0
139,7.0,1.0
140,3.0,1.0
141,-5.0,1.0
142,-10.0,0.0
143,5.0,0.0
144,-4.0,0.0
145,-4.0,0.0
146,3.0,1.0
147,-4.0,1.0
148,-4.0,1.0
149,-10.0,1.0
150,6.0,1.0
151,13.0,1.0
152,-1.0,1.0
153,-3.0,0.0
154,11.0,1.0
155,-2.0,1.0
156,11.0,1.0
157,7.0,1.0
158,-3.0,1.0
159,7.0,1.0
160,-5.0,0.0
161,-6.0,0.0
162,-6.0,0.0
163,-1.0,0.0
164,-3.0,0.0
165,-3.0,0.0
166,6.0,1.0
167,4.0,1.0
168,-2.0,0.0
169,-6.0,0.0
170,-0.0,0.0
171,-0.0,0.0
172,4.0,1.0
173,-6.0,0.0
174,-5.0,0.0
175,-6.0,0.0
176,-5.0,0.0
177,11.0,1.0
178,6.0,1.0
179,-3.0,0.0
180,16.0,1.0
181,2.0,0.0
182,-1.0,0.0
183,9.0,1.0
184,-4.0,0.0
185,-4.0,1.0
186,-2.0,1.0
187,6.0,1.0
188,-2.0,0.0
189,-4.0,1.0
190,-5.0,1.0
191,-6.0,0.0
192,-4.0,1.0
193,-2.0,1.0
194,-5.0,0.0
195,-2.0,0.0
196,2.0,1.0
197,-2.0,0.0
198,-5.0,1.0
199,-6.0,0.0
200,-3.0,0.0
201,15.0,1.0
202,11.0,1.0
203,11.0,1.0
204,11.0,1.0
205,13.0,1.0
206,15.0,1.0
207,-4.0,0.0
208,-5.0,0.0
209,-6.0,0.0
210,-7.0,0.0
211,-8.0,0.0
212,-5.0,0.0
213,-3.0,0.0
214,-7.0,0.0
215,-5.0,0.0
216,-6.0,0.0
217,5.0,0.0
218,-5.0,0.0
219,-5.0,0.0
220,-3.0,0.0
221,-3.0,0.0
222,-3.0,1.0
223,-8.0,1.0
224,-3.0,0.0
225,-3.0,0.0
226,-8.0,0.0
227,4.0,1.0
228,15.0,1.0
229,4.0,1.0
230,-0.0,0.0
231,12.0,1.0
232,12.0,1.0
233,12.0,1.0
234,-6.0,0.0
235,-8.0,0.0
236,-0.0,1.0
237,-3.0,0.0
238,-5.0,0.0
239,2.0,0.0
240,-6.0,0.0
241,3.0,1.0
242,-8.0,0.0
243,-7.0,0.0
244,-4.0,1.0
245,-3.0,0.0
246,13.0,1.0
247,0.0,0.0
248,-6.0,0.0
249,1.0,0.0
250,-0.0,0.0
251,-1.0,0.0
252,-3.0,1.0
253,3.0,1.0
254,-3.0,0.0
255,-2.0,0.0
256,-1.0,0.0
257,-1.0,0.0
258,-3.0,1.0
259,-5.0,0.0
260,-3.0,1.0
261,8.0,1.0
262,7.0,1.0
263,9.0,1.0
264,5.0,1.0
265,-6.0,0.0
266,8.0,1.0
267,-4.0,0.0
268,2.0,1.0
269,5.0,1.0
270,-6.0,0.0
271,-4.0,0.0
272,1.0,0.0
273,-2.0,0.0
274,2.0,0.0
275,0.0,0.0
276,2.0,0.0
277,-1.0,1.0
278,-3.0,1.0
279,-5.0,0.0
280,-4.0,0.0
281,-5.0,1.0
282,-4.0,1.0
283,-5.0,1.0
284,14.0,1.0
285,4.0,1.0
286,-5.0,0.0
287,-6.0,0.0
288,6.0,1.0
289,-7.0,0.0
290,1.0,0.0
291,5.0,1.0
292,-2.0,0.0
293,-3.0,0.0
294,-3.0,0.0
295,-6.0,1.0
296,-7.0,0.0
297,-5.0,1.0
298,8.0,1.0
299,1.0,1.0
300,2.0,1.0
301,-1.0,0.0
302,-6.0,0.0
303,-5.0,0.0
304,4.0,0.0
305,7.0,1.0
306,1.0,0.0
307,-8.0,0.0
308,-4.0,0.0
309,2.0,0.0
310,-1.0,0.0
311,-3.0,0.0
312,-2.0,0.0
313,3.0,0.0
314,-2.0,0.0
315,10.0,0.0
316,-5.0,0.0
317,-2.0,1.0
318,6.0,1.0
319,-9.0,0.0
320,-9.0,0.0
321,1.0,1.0
322,-10.0,0.0
323,-4.0,0.0
324,9.0,1.0
325,-1.0,1.0
326,15.0,1.0
327,2.0,1.0
328,-5.0,0.0
329,-6.0,0.0
330,-6.0,0.0
331,-6.0,0.0
332,12.0,1.0
333,-4.0,0.0
334,-1.0,0.0
335,-4.0,1.0
336,-7.0,0.0
337,0.0,1.0
338,-10.0,0.0
339,6.0,1.0
340,-9.0,0.0
341,4.0,1.0
342,4.0,1.0
343,7.0,1.0
344,-4.0,1.0
345,-5.0,0.0
346,9.0,1.0
347,-7.0,1.0
348,12.0,1.0
349,5.0,1.0
350,-6.0,0.0
351,4.0,1.0
352,4.0,1.0
353,3.0,1.0
354,4.0,1.0
355,-6.0,0.0
356,-5.0,0.0
357,-4.0,0.0
358,5.0,1.0
359,10.0,1.0
360,-5.0,0.0
361,-2.0,1.0
362,-0.0,0.0
363,-6.0,0.0
364,14.0,1.0
365,-4.0,1.0
366,0.0,0.0
367,-3.0,1.0
368,-9.0,0.0
369,-3.0,0.0
370,4.0,1.0
371,-13.0,1.0
372,-1.0,0.0
373,-4.0,0.0
374,2.0,0.0
375,-3.0,0.0
376,3.0,0.0
377,-4.0,0.0
378,-1.0,1.0
379,-8.0,0.0
380,-1.0,0.0
381,7.0,1.0
382,-9.0,0.0
383,14.0,1.0
384,-4.0,0.0
385,-2.0,1.0
386,-4.0,0.0
387,-1.0,1.0
388,-3.0,1.0
389,3.0,0.0
390,-3.0,0.0
391,-4.0,0.0
392,9.0,1.0
393,-4.0,0.0
394,-2.0,1.0
395,-0.0,0.0
396,-6.0,1.0
397,-0.0,1.0
398,1.0,0.0
399,1.0,0.0
400,4.0,0.0
401,3.0,0.0
402,10.0,1.0
403,-4.0,0.0
404,4.0,0.0
405,-2.0,0.0
406,6.0,1.0
407,-8.0,0.0
408,-4.0,0.0
409,14.0,1.0
410,14.0,1.0
411,-3.0,0.0
412,-8.0,0.0
413,11.0,1.0
414,11.0,1.0
415,1.0,1.0
416,11.0,1.0
417,-5.0,0.0
418,-10.0,0.0
419,4.0,0.0
420,4.0,0.0
421,-7.0,0.0
422,1.0,0.0
423,-0.0,0.0
424,-2.0,0.0
425,6.0,1.0
426,6.0,1.0
427,-3.0,0.0
428,6.0,1.0
429,1.0,0.0
430,-5.0,1.0
431,-6.0,0.0
432,-3.0,0.0
433,-3.0,0.0
434,-1.0,1.0
435,8.0,0.0
436,-7.0,0.0
437,5.0,0.0
438,7.0,1.0
439,-2.0,0.0
440,3.0,1.0
441,-4.0,0.0
442,-3.0,0.0
443,7.0,1.0
444,11.0,1.0
445,5.0,1.0
446,-2.0,0.0
447,-4.0,0.0
448,-4.0,0.0
449,-2.0,0.0
450,-1.0,0.0
451,6.0,1.0
452,6.0,1.0
453,-7.0,0.0
454,-6.0,0.0
455,3.0,1.0
456,0.0,0.0
457,2.0,0.0
458,2.0,0.0
459,11.0,0.0
460,-4.0,0.0
461,1.0,0.0
462,5.0,0.0
463,-1.0,0.0
464,-1.0,0.0
465,1.0,0.0
466,-5.0,0.0
467,5.0,1.0
468,-6.0,0.0
469,-9.0,0.0
470,-6.0,0.0
471,-9.0,0.0
472,-9.0,0.0
473,10.0,1.0
474,8.0,1.0
475,2.0,1.0
476,-0.0,1.0
477,-3.0,0.0
478,-3.0,0.0
479,-5.0,0.0
480,-6.0,0.0
481,7.0,1.0
482,10.0,1.0
483,-6.0,0.0
484,-6.0,0.0
485,-5.0,0.0
486,-2.0,0.0
487,1.0,0.0
488,-5.0,0.0
489,-1.0,1.0
490,-5.0,0.0
491,-5.0,0.0
492,-7.0,0.0
493,7.0,1.0
494,-2.0,1.0
495,3.0,1.0
496,-5.0,0.0
497,2.0,1.0
498,3.0,1.0
499,-5.0,0.0
500,-3.0,0.0
501,-3.0,1.0
502,-1.0,0.0
503,-4.0,0.0
504,-7.0,1.0
505,4.0,1.0
506,2.0,1.0
507,-3.0,1.0
508,-5.0,0.0
509,-1.0,0.0
510,-2.0,1.0
511,8.0,1.0
512,4.0,0.0
513,3.0,0.0
514,1.0,1.0
515,0.0,1.0
516,11.0,1.0
517,2.0,0.0
518,3.0,1.0
519,-5.0,0.0
520,-7.0,0.0
521,0.0,1.0
522,11.0,1.0
523,5.0,1.0
524,-7.0,0.0
525,-7.0,0.0
526,3.0,0.0
527,-5.0,0.0
528,-1.0,1.0
529,3.0,0.0
530,4.0,1.0
531,5.0,1.0
532,-5.0,1.0
533,5.0,1.0
534,11.0,1.0
535,-4.0,0.0
536,4.0,1.0
537,7.0,1.0
538,3.0,1.0
539,1.0,1.0
540,-5.0,0.0
541,-4.0,0.0
542,18.0,1.0
543,-1.0,0.0
544,-6.0,0.0
545,-8.0,1.0
546,-8.0,0.0
547,5.0,0.0
548,1.0,1.0
549,-4.0,0.0
550,20.0,1.0
551,13.0,1.0
552,14.0,1.0
553,-5.0,1.0
554,1.0,0.0
555,6.0,0.0
556,4.0,1.0
557,7.0,1.0
558,6.0,1.0
559,-6.0,0.0
560,-1.0,0.0
561,-6.0,1.0
562,12.0,1.0
563,14.0,1.0
564,12.0,1.0
565,12.0,1.0
566,12.0,1.0
567,12.0,1.0
568,12.0,1.0
569,12.0,1.0
570,12.0,1.0
571,13.0,1.0
572,-0.0,1.0
573,-7.0,0.0
574,-8.0,0.0
575,-5.0,0.0
576,5.0,1.0
577,-4.0,0.0
578,1.0,0.0
579,-1.0,1.0
580,-5.0,0.0
581,-1.0,0.0
582,0.0,1.0
583,-1.0,1.0
584,11.0,1.0
585,15.0,1.0
586,10.0,1.0
587,15.0,1.0
588,5.0,1.0
589,-5.0,0.0
590,-6.0,0.0
591,-8.0,0.0
592,11.0,1.0
593,11.0,1.0
594,11.0,1.0
595,11.0,1.0
596,11.0,1.0
597,11.0,1.0
598,-2.0,1.0
599,11.0,1.0
600,11.0,1.0
601,11.0,1.0
602,11.0,1.0
603,6.0,1.0
604,11.0,1.0
605,11.0,1.0
606,11.0,1.0
607,11.0,1.0
608,11.0,1.0
609,11.0,1.0
610,11.0,1.0
611,11.0,1.0
612,11.0,1.0
613,8.0,1.0
614,11.0,1.0
615,-3.0,0.0
616,-9.0,0.0
617,-5.0,0.0
618,-7.0,0.0
619,-1.0,0.0
620,16.0,1.0
621,-6.0,1.0
622,10.0,1.0
623,-2.0,1.0
624,3.0,1.0
625,-5.0,0.0
626,-5.0,0.0
627,4.0,1.0
628,4.0,1.0
629,-2.0,1.0
630,1.0,1.0
631,2.0,1.0
632,2.0,1.0
633,2.0,1.0
634,-0.0,1.0
635,-3.0,0.0
636,4.0,1.0
637,-4.0,1.0
638,-8.0,1.0
639,8.0,1.0
640,12.0,1.0
641,14.0,1.0
642,-3.0,0.0
643,6.0,1.0
644,-6.0,0.0
645,-5.0,0.0
646,3.0,0.0
647,-3.0,0.0
648,-3.0,1.0
649,-3.0,1.0
650,-3.0,0.0
651,-3.0,0.0
652,6.0,1.0
653,6.0,1.0
654,6.0,1.0
655,6.0,1.0
656,6.0,1.0
657,6.0,1.0
658,6.0,1.0
659,6.0,1.0
660,6.0,1.0
661,-7.0,0.0
662,3.0,1.0
663,4.0,1.0
664,0.0,1.0
665,1.0,1.0
666,-7.0,0.0
667,-4.0,0.0
668,15.0,1.0
669,-4.0,1.0
670,10.0,1.0
671,-3.0,0.0
672,7.0,1.0
673,10.0,1.0
674,7.0,1.0
675,-6.0,0.0
676,0.0,1.0
677,4.0,1.0
678,-2.0,1.0
679,-4.0,1.0
680,-2.0,0.0
681,-4.0,1.0
682,2.0,1.0
683,-4.0,0.0
684,-3.0,0.0
685,-6.0,1.0
686,-3.0,0.0
687,-3.0,0.0
688,-1.0,1.0
689,-3.0,0.0
690,7.0,1.0
691,-4.0,1.0
692,4.0,0.0
693,-4.0,0.0
694,-6.0,0.0
695,2.0,1.0
696,2.0,1.0
697,2.0,1.0
698,-1.0,1.0
699,-4.0,0.0
700,5.0,1.0
701,5.0,1.0
702,5.0,1.0
703,-6.0,0.0
704,-6.0,0.0
705,7.0,1.0
706,-1.0,0.0
707,-4.0,0.0
708,-4.0,0.0
709,-8.0,0.0
710,-1.0,0.0
711,-4.0,0.0
712,2.0,0.0
713,-6.0,0.0
714,-12.0,0.0
715,5.0,1.0
716,-3.0,0.0
717,-6.0,0.0
718,-2.0,1.0
719,13.0,1.0
720,-2.0,1.0
721,12.0,1.0
722,6.0,1.0
723,-7.0,0.0
724,-3.0,0.0
725,-3.0,0.0
726,-3.0,0.0
727,-6.0,1.0
728,-1.0,0.0
729,-5.0,0.0
730,-6.0,0.0
731,5.0,1.0
732,1.0,0.0
733,-5.0,0.0
734,-8.0,0.0
735,-4.0,1.0
736,5.0,1.0
737,-2.0,0.0
738,6.0,1.0
739,-4.0,1.0
740,-1.0,1.0
741,-6.0,0.0
742,-4.0,0.0
743,1.0,0.0
744,-1.0,0.0
745,-0.0,0.0
746,-5.0,0.0
747,-0.0,0.0
748,4.0,1.0
749,-3.0,0.0
750,-6.0,0.0
751,-6.0,0.0
752,6.0,0.0
753,14.0,1.0
754,4.0,1.0
755,-7.0,0.0
756,-7.0,0.0
757,-4.0,0.0
758,-2.0,0.0
759,-5.0,0.0
760,-3.0,1.0
761,-5.0,0.0
762,-1.0,0.0
763,15.0,1.0
764,3.0,0.0
765,-3.0,1.0
766,-5.0,0.0
767,-10.0,0.0
768,-7.0,0.0
769,2.0,1.0
770,2.0,1.0
771,-0.0,1.0
772,-6.0,0.0
773,-6.0,0.0
774,-6.0,1.0
775,-1.0,1.0
776,10.0,1.0
777,-5.0,0.0
778,3.0,1.0
779,-5.0,0.0
780,-5.0,0.0
781,9.0,1.0
782,-7.0,0.0
783,-4.0,0.0
784,2.0,0.0
785,6.0,1.0
786,3.0,1.0
787,-4.0,0.0
788,4.0,1.0
789,-11.0,0.0
790,-5.0,0.0
791,-6.0,0.0
792,7.0,0.0
793,5.0,1.0
794,5.0,1.0
795,6.0,1.0
796,-0.0,1.0
797,-3.0,0.0
798,6.0,1.0
799,-5.0,1.0
800,-7.0,0.0
801,-5.0,0.0
802,0.0,1.0
803,-2.0,1.0
804,-3.0,0.0
805,9.0,1.0
806,9.0,1.0
807,-6.0,0.0
808,-3.0,0.0
809,3.0,0.0
810,2.0,1.0
811,-8.0,0.0
812,6.0,0.0
813,-5.0,0.0
814,-5.0,0.0
815,4.0,1.0
816,-3.0,0.0
817,4.0,1.0
818,2.0,1.0
819,12.0,1.0
820,4.0,1.0
821,14.0,1.0
822,2.0,1.0
823,6.0,1.0
824,2.0,1.0
825,-5.0,1.0
826,-8.0,0.0
827,-3.0,0.0
828,-2.0,0.0
829,-3.0,0.0
830,-1.0,1.0
831,4.0,0.0
832,-6.0,1.0
833,-0.0,0.0
834,2.0,1.0
835,4.0,1.0
836,8.0,1.0
837,13.0,1.0
838,14.0,1.0
839,-2.0,1.0
840,5.0,1.0
841,1.0,1.0
842,-5.0,1.0
843,9.0,1.0
844,-5.0,1.0
845,7.0,1.0
846,7.0,1.0
847,-4.0,0.0
848,0.0,1.0
849,2.0,1.0
850,-4.0,0.0
851,-1.0,1.0
852,-2.0,1.0
853,16.0,1.0
854,6.0,1.0
855,-2.0,0.0
856,-2.0,1.0
857,1.0,1.0
858,-5.0,1.0
859,-0.0,0.0
860,-7.0,0.0
861,10.0,1.0
862,-4.0,1.0
863,13.0,1.0
864,-4.0,0.0
865,-5.0,1.0
866,10.0,1.0
867,10.0,1.0
868,0.0,0.0
869,17.0,1.0
870,11.0,1.0
871,6.0,1.0
872,11.0,1.0
873,4.0,1.0
874,-4.0,0.0
875,-5.0,0.0
876,-11.0,0.0
877,-3.0,0.0
878,-3.0,1.0
879,3.0,0.0
880,-2.0,1.0
881,2.0,0.0
882,1.0,1.0
883,-1.0,1.0
884,-4.0,0.0
885,-4.0,0.0
886,-4.0,0.0
887,-8.0,1.0
888,-3.0,1.0
889,3.0,1.0
890,8.0,1.0
891,-0.0,1.0
892,14.0,1.0
893,-5.0,0.0
894,-4.0,0.0
895,14.0,1.0
896,0.0,1.0
897,-3.0,0.0
898,11.0,1.0
899,-6.0,0.0
900,-0.0,0.0
901,0.0,1.0
902,-7.0,0.0
903,-2.0,1.0
