,predictions,true
0,0.0,0
1,0.0,1
2,1.0,0
3,0.0,0
4,0.0,0
5,0.0,1
6,0.0,0
7,0.0,0
8,0.0,0
9,0.0,0
10,1.0,1
11,0.0,0
12,0.0,0
13,0.0,0
14,0.0,0
15,0.0,0
16,0.0,0
17,0.0,0
18,0.0,1
19,1.0,0
20,0.0,0
21,0.0,0
22,0.0,0
23,0.0,0
24,0.0,0
25,0.0,0
26,0.0,0
27,0.0,0
28,0.0,0
29,0.0,1
30,0.0,0
31,0.0,0
32,1.0,1
33,0.0,1
34,0.0,0
35,0.0,0
36,0.0,0
37,0.0,0
38,0.0,0
39,0.0,0
40,0.0,0
41,0.0,1
42,0.0,0
43,0.0,0
44,0.0,0
45,0.0,0
46,0.0,0
47,0.0,0
48,0.0,0
49,0.0,0
50,0.0,0
51,0.0,0
52,0.0,1
53,0.0,1
54,0.0,0
55,0.0,0
56,0.0,0
57,0.0,0
58,0.0,0
59,0.0,0
60,0.0,0
61,0.0,0
62,0.0,0
63,0.0,0
64,0.0,1
65,0.0,0
66,0.0,0
67,0.0,0
68,0.0,0
69,1.0,0
70,0.0,1
71,0.0,0
72,0.0,0
73,0.0,0
74,0.0,0
75,0.0,0
76,0.0,1
77,1.0,1
78,0.0,0
79,0.0,0
80,0.0,0
81,0.0,0
82,0.0,1
83,0.0,0
84,0.0,0
85,0.0,0
86,0.0,0
87,1.0,1
88,0.0,0
89,0.0,0
90,0.0,1
91,0.0,0
92,0.0,0
93,0.0,1
94,0.0,0
95,0.0,0
96,0.0,0
97,0.0,1
98,0.0,0
99,0.0,0
100,0.0,0
101,0.0,0
102,0.0,0
103,0.0,0
104,0.0,0
105,0.0,0
106,0.0,0
107,0.0,0
108,0.0,0
109,0.0,0
110,0.0,0
111,0.0,0
112,0.0,0
113,0.0,0
114,0.0,0
115,0.0,0
116,0.0,0
117,0.0,0
118,0.0,0
119,0.0,0
120,0.0,0
121,0.0,0
122,0.0,1
123,1.0,0
124,0.0,0
125,0.0,0
126,0.0,0
127,0.0,0
128,0.0,1
129,0.0,0
130,0.0,0
131,0.0,1
132,0.0,0
133,0.0,0
134,0.0,0
135,0.0,0
136,0.0,0
137,1.0,0
138,0.0,0
139,0.0,0
140,0.0,1
141,0.0,0
142,0.0,0
143,0.0,0
144,1.0,1
145,0.0,0
146,0.0,1
147,0.0,0
148,0.0,0
149,0.0,1
150,1.0,0
151,0.0,1
152,0.0,0
153,0.0,1
154,0.0,0
155,0.0,0
156,1.0,1
157,1.0,1
158,0.0,1
159,0.0,0
160,0.0,0
161,0.0,0
162,0.0,1
163,1.0,1
164,0.0,1
165,1.0,0
166,0.0,1
167,0.0,0
168,0.0,0
169,0.0,0
170,1.0,1
171,0.0,1
172,0.0,0
173,0.0,0
174,1.0,1
175,1.0,1
176,0.0,1
177,0.0,0
178,0.0,0
179,1.0,1
180,0.0,1
181,1.0,1
182,0.0,0
183,0.0,0
184,0.0,0
185,1.0,1
186,0.0,0
187,0.0,0
188,0.0,0
189,0.0,0
190,1.0,1
191,1.0,1
192,0.0,0
193,1.0,1
194,1.0,1
195,0.0,0
196,1.0,1
197,0.0,0
198,0.0,0
199,1.0,1
200,1.0,1
201,0.0,1
202,0.0,1
203,0.0,0
204,0.0,0
205,0.0,0
206,0.0,0
207,1.0,0
208,0.0,0
209,0.0,0
210,0.0,0
211,0.0,0
212,0.0,0
213,0.0,0
214,0.0,0
215,0.0,0
216,0.0,0
217,0.0,0
218,0.0,0
219,0.0,0
220,0.0,0
221,0.0,0
222,0.0,0
223,0.0,0
224,0.0,0
225,0.0,0
226,0.0,0
227,0.0,1
228,0.0,0
229,0.0,0
230,1.0,0
231,0.0,1
232,0.0,0
233,0.0,0
234,0.0,1
235,0.0,0
236,1.0,1
237,0.0,1
238,0.0,0
239,1.0,1
240,1.0,1
241,1.0,1
242,1.0,1
243,1.0,0
244,0.0,0
245,1.0,1
246,0.0,0
247,1.0,1
248,0.0,0
249,1.0,1
250,0.0,0
251,1.0,1
252,1.0,1
253,1.0,1
254,1.0,1
255,1.0,1
256,1.0,1
257,0.0,0
258,0.0,0
259,0.0,0
260,0.0,0
261,0.0,0
262,0.0,1
263,1.0,1
264,1.0,0
265,1.0,1
266,1.0,1
267,1.0,1
268,1.0,1
269,1.0,1
270,1.0,1
271,1.0,0
272,0.0,0
273,1.0,1
274,1.0,1
275,1.0,1
276,1.0,1
277,0.0,1
278,1.0,1
279,1.0,1
280,1.0,1
281,1.0,1
282,0.0,0
283,1.0,1
284,1.0,1
285,1.0,1
286,1.0,1
287,1.0,1
288,1.0,1
289,1.0,1
290,1.0,1
291,1.0,1
292,1.0,1
293,1.0,1
294,1.0,1
295,1.0,1
296,1.0,1
297,1.0,1
298,1.0,1
299,1.0,1
300,1.0,1
301,1.0,1
302,1.0,1
303,1.0,1
304,1.0,1
305,1.0,1
306,1.0,1
307,1.0,1
308,1.0,1
309,1.0,1
310,1.0,1
311,1.0,1
312,1.0,1
313,1.0,1
314,1.0,1
315,1.0,1
316,1.0,1
317,1.0,1
318,1.0,1
319,1.0,1
320,1.0,1
321,1.0,1
322,1.0,1
323,1.0,1
324,1.0,1
325,1.0,1
326,1.0,1
327,1.0,1
328,1.0,1
329,1.0,1
330,1.0,1
331,1.0,1
332,0.0,0
333,1.0,1
334,1.0,1
335,1.0,1
336,1.0,1
337,1.0,1
338,1.0,1
339,1.0,1
340,0.0,1
341,1.0,1
342,1.0,1
343,0.0,1
344,0.0,1
345,0.0,1
346,1.0,1
347,1.0,1
348,1.0,1
349,1.0,1
350,1.0,1
351,1.0,1
352,1.0,1
353,1.0,1
354,1.0,1
355,1.0,1
356,1.0,1
357,1.0,1
358,1.0,1
359,0.0,1
360,1.0,1
361,1.0,1
362,1.0,1
363,0.0,0
364,0.0,1
365,1.0,1
366,1.0,1
367,1.0,1
368,1.0,1
369,1.0,1
370,1.0,1
371,1.0,0
372,0.0,0
373,1.0,1
374,0.0,1
375,0.0,1
376,0.0,0
377,0.0,0
378,0.0,0
379,1.0,0
380,0.0,0
381,1.0,1
382,0.0,0
383,0.0,0
384,0.0,0
385,0.0,0
386,0.0,1
387,0.0,0
388,0.0,0
389,0.0,0
390,0.0,0
391,0.0,0
392,0.0,0
393,0.0,0
394,0.0,0
395,0.0,0
396,0.0,0
397,0.0,0
398,0.0,1
399,0.0,0
400,0.0,0
401,0.0,0
402,0.0,0
403,0.0,0
404,0.0,1
405,0.0,0
406,1.0,0
407,0.0,0
408,1.0,1
409,0.0,0
410,0.0,0
411,0.0,0
412,0.0,0
413,0.0,0
414,1.0,0
415,1.0,0
416,0.0,1
417,0.0,0
418,0.0,0
419,0.0,0
420,0.0,0
421,0.0,0
422,0.0,0
423,0.0,1
424,0.0,1
425,1.0,1
426,0.0,0
427,0.0,0
428,0.0,0
429,0.0,0
430,0.0,0
431,0.0,0
432,0.0,0
433,0.0,0
434,0.0,0
435,0.0,0
436,0.0,0
437,0.0,1
438,0.0,0
439,0.0,0
440,1.0,0
441,1.0,0
442,0.0,1
443,0.0,0
444,0.0,0
445,0.0,0
446,0.0,0
447,1.0,1
448,0.0,0
449,1.0,1
450,0.0,1
451,0.0,0
452,0.0,1
453,0.0,0
454,0.0,0
455,0.0,0
456,1.0,0
457,0.0,0
458,0.0,0
459,0.0,0
460,0.0,0
461,0.0,0
462,1.0,1
463,1.0,1
464,0.0,0
465,0.0,0
466,0.0,0
467,1.0,1
468,0.0,0
469,1.0,1
470,0.0,0
471,0.0,0
472,0.0,0
473,1.0,1
474,1.0,1
475,0.0,0
476,1.0,1
477,1.0,1
478,1.0,1
479,1.0,1
480,0.0,1
481,1.0,1
482,0.0,1
483,1.0,1
484,0.0,0
485,1.0,1
486,0.0,0
487,0.0,0
488,1.0,1
489,1.0,0
490,0.0,0
491,1.0,1
492,1.0,1
493,0.0,1
494,1.0,1
495,0.0,1
496,1.0,1
497,1.0,0
498,1.0,0
499,1.0,1
500,0.0,1
501,0.0,1
502,1.0,0
503,1.0,1
504,1.0,0
505,1.0,1
506,0.0,1
507,1.0,1
508,0.0,1
509,1.0,1
510,1.0,1
511,1.0,1
512,1.0,0
513,0.0,0
514,1.0,1
515,1.0,1
516,0.0,1
517,1.0,1
518,0.0,0
519,0.0,1
520,1.0,1
521,0.0,1
522,0.0,0
523,1.0,1
524,0.0,0
525,0.0,0
526,0.0,1
527,1.0,1
528,1.0,1
529,1.0,1
530,1.0,1
531,0.0,1
532,0.0,0
533,1.0,0
534,0.0,1
535,0.0,0
536,1.0,1
537,1.0,1
538,0.0,1
539,0.0,0
540,0.0,0
541,1.0,1
542,1.0,1
543,1.0,1
544,1.0,0
545,1.0,1
546,0.0,1
547,0.0,1
548,1.0,1
549,1.0,1
550,0.0,0
551,0.0,1
552,1.0,1
553,1.0,1
554,1.0,1
555,0.0,0
556,0.0,0
557,1.0,1
558,0.0,0
559,0.0,1
560,1.0,1
561,1.0,1
562,1.0,1
563,1.0,1
564,0.0,1
565,1.0,1
566,1.0,1
567,1.0,1
568,1.0,0
569,0.0,0
570,0.0,0
571,0.0,0
572,0.0,0
573,0.0,0
574,1.0,0
575,0.0,0
576,1.0,0
577,1.0,0
578,0.0,1
579,0.0,1
580,0.0,0
581,0.0,0
582,0.0,0
583,0.0,0
584,0.0,0
585,0.0,0
586,0.0,0
587,1.0,0
588,0.0,0
589,0.0,1
590,0.0,0
591,0.0,1
592,0.0,0
593,0.0,0
594,0.0,0
595,0.0,0
596,1.0,1
597,0.0,0
598,1.0,1
599,0.0,0
600,0.0,0
601,0.0,1
602,0.0,1
603,0.0,1
604,0.0,0
605,0.0,0
606,0.0,1
607,0.0,0
608,0.0,1
609,0.0,0
610,0.0,0
611,0.0,1
612,0.0,1
613,1.0,0
614,0.0,0
615,0.0,0
616,0.0,0
617,0.0,1
618,1.0,1
619,0.0,1
620,0.0,0
621,1.0,1
622,1.0,1
623,1.0,1
624,1.0,1
625,0.0,1
626,0.0,0
627,1.0,0
628,1.0,1
629,1.0,1
630,1.0,1
631,1.0,1
632,1.0,0
633,1.0,1
634,1.0,1
635,1.0,1
636,1.0,1
637,0.0,0
638,1.0,1
639,1.0,1
640,1.0,1
641,1.0,1
642,1.0,1
643,1.0,1
644,1.0,1
645,1.0,1
646,1.0,1
647,0.0,0
648,1.0,1
649,0.0,0
650,1.0,1
651,0.0,0
652,0.0,0
653,0.0,0
654,0.0,0
655,0.0,0
656,0.0,0
657,0.0,0
658,1.0,1
659,1.0,1
660,1.0,1
661,0.0,0
662,1.0,1
663,0.0,1
664,1.0,1
665,0.0,0
666,0.0,0
667,1.0,1
668,0.0,1
669,1.0,1
670,0.0,1
671,0.0,0
672,0.0,0
673,0.0,1
674,0.0,0
675,1.0,1
676,0.0,0
677,0.0,0
678,1.0,1
679,0.0,0
680,1.0,1
681,1.0,1
682,0.0,1
683,0.0,0
684,0.0,0
685,0.0,0
686,1.0,1
687,0.0,1
688,0.0,0
689,0.0,0
690,0.0,0
691,0.0,0
692,1.0,1
693,0.0,0
694,1.0,1
695,0.0,0
696,0.0,0
697,1.0,1
698,0.0,0
699,1.0,1
700,1.0,1
701,1.0,1
702,1.0,1
703,0.0,0
704,0.0,0
705,1.0,1
706,0.0,0
707,1.0,1
708,0.0,1
709,1.0,1
710,0.0,0
711,1.0,1
712,0.0,1
713,1.0,1
714,0.0,0
715,1.0,1
716,1.0,1
717,1.0,1
718,1.0,1
719,1.0,1
720,0.0,0
721,1.0,1
722,0.0,1
723,0.0,0
724,0.0,0
725,0.0,0
726,0.0,0
727,0.0,1
728,1.0,1
729,0.0,0
730,0.0,0
731,0.0,0
732,0.0,0
733,1.0,0
734,0.0,0
735,0.0,1
736,0.0,0
737,0.0,0
738,0.0,0
739,0.0,1
740,0.0,0
741,0.0,1
742,0.0,0
743,1.0,0
744,0.0,0
745,0.0,0
746,0.0,1
747,0.0,1
748,0.0,0
749,0.0,0
750,0.0,1
751,0.0,0
752,0.0,0
753,0.0,0
754,1.0,1
755,0.0,0
756,0.0,0
757,1.0,1
758,0.0,0
759,0.0,0
760,1.0,0
761,0.0,0
762,0.0,1
763,1.0,1
764,0.0,1
765,0.0,1
766,0.0,1
767,0.0,0
768,0.0,0
769,0.0,0
770,1.0,0
771,1.0,0
772,0.0,1
773,0.0,0
774,0.0,0
775,0.0,0
776,1.0,1
777,1.0,1
778,1.0,0
779,0.0,0
780,0.0,0
781,0.0,0
782,1.0,0
783,1.0,1
784,0.0,0
785,0.0,0
786,0.0,0
787,0.0,0
788,0.0,0
789,0.0,0
790,0.0,0
791,0.0,0
792,0.0,0
793,1.0,1
794,0.0,0
795,0.0,0
796,1.0,0
797,1.0,0
798,1.0,0
799,0.0,0
800,0.0,0
801,0.0,0
802,0.0,0
803,0.0,0
804,0.0,1
805,0.0,0
806,0.0,0
807,1.0,0
808,0.0,0
809,0.0,0
810,0.0,0
811,1.0,0
812,0.0,0
813,0.0,0
814,0.0,0
815,0.0,0
816,0.0,0
817,0.0,0
818,0.0,0
819,0.0,0
820,0.0,0
821,0.0,0
822,0.0,0
823,0.0,1
824,0.0,0
825,0.0,1
826,0.0,0
827,0.0,0
828,0.0,0
829,0.0,0
830,0.0,0
831,0.0,0
832,0.0,0
833,0.0,1
834,0.0,0
835,0.0,1
836,0.0,0
837,0.0,0
838,0.0,0
839,0.0,0
840,0.0,1
841,0.0,0
842,0.0,0
843,0.0,0
844,0.0,0
845,0.0,0
846,0.0,0
847,0.0,0
848,0.0,0
849,0.0,0
850,0.0,0
851,0.0,0
852,0.0,0
853,0.0,0
854,0.0,1
855,0.0,1
856,1.0,0
857,0.0,0
858,0.0,0
859,0.0,0
860,0.0,1
861,0.0,0
862,0.0,0
863,1.0,1
864,1.0,1
865,0.0,0
866,0.0,0
867,0.0,0
868,0.0,0
869,0.0,0
870,1.0,1
871,0.0,0
872,0.0,0
873,1.0,1
874,0.0,1
875,0.0,0
876,0.0,1
877,0.0,1
878,0.0,0
879,0.0,0
880,1.0,0
881,0.0,0
882,1.0,1
883,0.0,0
884,0.0,0
885,0.0,0
886,0.0,0
887,0.0,1
888,1.0,1
889,0.0,0
890,0.0,0
891,0.0,1
892,0.0,0
893,0.0,0
894,0.0,0
895,0.0,0
896,0.0,0
897,0.0,0
898,0.0,0
899,0.0,0
900,0.0,0
901,0.0,0
902,0.0,0
903,0.0,0
904,0.0,0
905,0.0,0
906,0.0,0
907,0.0,1
908,0.0,0
909,0.0,0
910,0.0,0
911,0.0,0
912,0.0,0
913,0.0,1
914,1.0,0
915,0.0,0
916,0.0,0
917,0.0,0
918,0.0,0
919,0.0,0
920,0.0,0
921,0.0,0
922,0.0,0
923,0.0,0
924,0.0,0
925,0.0,0
926,0.0,0
927,1.0,1
928,1.0,1
929,1.0,1
930,1.0,1
931,1.0,1
932,1.0,1
933,1.0,1
934,1.0,1
935,1.0,1
936,1.0,1
937,1.0,1
938,1.0,1
939,0.0,1
940,1.0,1
941,1.0,1
942,1.0,1
943,1.0,1
944,1.0,1
945,1.0,1
946,1.0,1
947,1.0,1
948,1.0,1
949,1.0,1
950,1.0,1
951,1.0,1
952,1.0,1
953,0.0,0
954,1.0,1
955,1.0,1
956,1.0,1
957,1.0,1
958,1.0,1
959,1.0,1
960,0.0,1
961,0.0,1
962,1.0,1
963,1.0,1
964,1.0,1
965,0.0,0
966,1.0,0
967,0.0,0
968,0.0,0
969,1.0,0
970,0.0,0
971,0.0,0
972,0.0,0
973,0.0,0
974,1.0,0
975,1.0,0
976,0.0,0
977,1.0,0
978,1.0,0
979,0.0,0
980,0.0,0
981,0.0,1
982,0.0,0
983,1.0,1
984,0.0,0
985,0.0,0
986,0.0,0
987,0.0,0
988,0.0,0
989,0.0,0
990,0.0,0
991,1.0,1
992,1.0,0
993,0.0,0
994,0.0,0
995,1.0,1
996,0.0,0
997,0.0,0
998,0.0,0
999,0.0,0
1000,1.0,1
1001,1.0,1
1002,1.0,0
1003,1.0,1
1004,0.0,1
1005,1.0,1
1006,0.0,1
1007,1.0,1
1008,1.0,1
1009,1.0,1
1010,0.0,0
1011,0.0,0
1012,1.0,1
1013,1.0,0
1014,0.0,1
1015,0.0,1
1016,1.0,1
1017,1.0,0
1018,1.0,1
1019,1.0,1
1020,1.0,0
1021,1.0,0
1022,1.0,1
1023,1.0,1
1024,1.0,0
1025,1.0,1
1026,1.0,1
1027,1.0,1
1028,0.0,1
1029,1.0,1
1030,1.0,1
1031,1.0,1
1032,1.0,1
1033,1.0,1
1034,1.0,1
1035,1.0,1
1036,1.0,1
1037,0.0,1
1038,1.0,1
1039,1.0,1
1040,1.0,0
1041,1.0,1
1042,1.0,1
1043,1.0,1
1044,0.0,0
1045,1.0,1
1046,1.0,1
1047,1.0,1
1048,0.0,1
1049,1.0,0
1050,1.0,1
1051,0.0,0
1052,0.0,0
1053,0.0,1
1054,1.0,1
1055,0.0,1
1056,0.0,0
1057,0.0,0
1058,0.0,1
1059,0.0,0
1060,0.0,1
1061,1.0,1
1062,0.0,0
1063,1.0,0
1064,0.0,0
1065,1.0,0
1066,0.0,0
1067,0.0,1
1068,0.0,0
1069,1.0,0
1070,0.0,0
1071,0.0,0
1072,1.0,0
1073,0.0,0
1074,1.0,1
1075,0.0,1
1076,0.0,0
1077,0.0,1
1078,0.0,0
1079,0.0,0
1080,0.0,1
1081,0.0,0
1082,0.0,0
1083,1.0,0
1084,0.0,0
1085,0.0,1
1086,0.0,1
1087,1.0,1
1088,0.0,0
1089,0.0,1
1090,0.0,1
1091,0.0,0
1092,0.0,0
1093,0.0,0
1094,0.0,0
1095,0.0,0
1096,0.0,1
1097,0.0,0
1098,0.0,0
1099,0.0,0
1100,0.0,0
1101,0.0,0
1102,1.0,1
1103,1.0,1
1104,0.0,0
1105,1.0,1
1106,1.0,0
1107,1.0,1
1108,1.0,0
1109,0.0,0
1110,0.0,1
1111,0.0,0
1112,1.0,0
1113,0.0,1
1114,0.0,0
1115,0.0,0
1116,0.0,0
1117,0.0,0
1118,0.0,0
1119,0.0,0
1120,0.0,0
1121,1.0,1
1122,1.0,1
1123,0.0,1
1124,0.0,0
1125,1.0,1
1126,0.0,0
1127,0.0,0
1128,0.0,1
1129,0.0,0
1130,0.0,1
1131,1.0,1
1132,1.0,1
1133,0.0,0
1134,1.0,1
1135,0.0,0
1136,0.0,0
1137,1.0,1
1138,0.0,0
1139,0.0,0
1140,0.0,0
1141,0.0,1
